1 1 36636
2 1 21947
3 1 19833
4 1 8541
5 1 15578
6 1 49205
7 1 60498
8 1 43973
9 1 24999
10 1 20420
11 1 50992
12 1 10583
13 1 58219
14 1 11983
15 1 48394
16 1 11036
17 1 30557
18 1 23453
19 1 49847
20 1 30032
21 1 31260
22 1 17071
23 1 8940
24 1 9929
25 1 45563
26 1 12107
27 1 34117
28 1 48947
29 1 59533
30 1 21312
31 1 20155
32 1 21521
33 1 13670
34 1 58483
35 1 16151
36 1 13499
37 1 64843
38 1 24593
39 1 57641
40 1 6096
41 1 37576
42 1 45247
43 1 23719
44 1 24385
45 1 22307
46 1 17375
47 1 15990
48 1 20526
49 1 25904
50 1 42224
51 1 9311
52 1 7862
53 1 65179
54 1 55543
55 1 6480
56 1 39195
57 1 27440
58 1 28201
59 1 23072
60 1 43637
61 1 35113
62 1 34890
63 1 46032
64 1 18774
65 1 28059
66 1 51230
67 1 14405
68 1 52242
69 1 43153
70 1 2709
71 1 47963
72 1 36943
73 1 54066
74 1 11525
75 1 17684
76 1 41681
77 1 27883
78 1 46842
79 1 28972
80 1 59684
81 1 11384
82 1 21018
83 1 2192
84 1 31018
85 1 62958
86 1 1913
87 1 47134
88 1 7262
89 1 12705
90 1 7522
91 1 58815
92 1 58008
93 1 1239
94 1 63947
95 1 381
96 1 48769
97 1 41938
98 1 55099
99 1 20920
100 1 8077
101 1 42633
102 1 17443
103 1 22833
104 1 3782
105 1 47758
106 1 22136
107 1 59968
108 1 62166
109 1 6972
110 1 36524
111 1 54671
112 1 33150
113 1 26214
114 1 17932
115 1 34660
116 1 51961
117 1 49920
118 1 18351
119 1 33996
120 1 6741
121 1 64098
122 1 606
123 1 27383
124 1 63140
125 1 32228
126 1 63437
127 1 38753
128 1 63650
