1 1 11525
2 1 45563
3 1 26214
4 1 9929
5 1 49127
6 1 13499
7 1 20420
8 1 46842
9 1 27883
10 1 27440
11 1 57047
12 1 58844
13 1 11036
14 1 42816
15 1 22136
16 1 28848
17 1 45745
18 1 33150
19 1 14405
20 1 53570
21 1 9022
22 1 34845
23 1 39338
24 1 37576
25 1 22833
26 1 62166
27 1 23084
28 1 19833
29 1 17684
30 1 58008
31 1 63947
32 1 17443
33 1 44860
34 1 15578
35 1 28059
36 1 32228
37 1 11983
38 1 17071
39 1 30032
40 1 17932
41 1 63067
42 1 30574
43 1 1999
44 1 9370
45 1 38082
46 1 41938
47 1 18774
48 1 64098
49 1 64416
50 1 6741
51 1 49205
52 1 2098
53 1 57751
54 1 60498
55 1 39530
56 1 50992
57 1 36529
58 1 35113
59 1 1239
60 1 61297
61 1 60776
62 1 55099
63 1 8541
64 1 24999
65 1 48769
66 1 27383
67 1 42224
68 1 7262
69 1 62958
70 1 12107
71 1 54671
72 1 21018
73 1 47758
74 1 58219
75 1 24048
76 1 58975
77 1 52242
78 1 34660
79 1 46032
80 1 11384
81 1 12705
82 1 51961
83 1 59922
84 1 606
85 1 31260
86 1 2709
87 1 51442
88 1 6101
89 1 49920
90 1 381
91 1 41681
92 1 47999
93 1 8077
94 1 46388
95 1 48394
96 1 43153
97 1 7522
98 1 63667
99 1 31018
100 1 18384
101 1 38775
102 1 3725
103 1 8940
104 1 28972
105 1 55543
106 1 22370
107 1 26773
108 1 54066
109 1 6972
110 1 34070
111 1 10054
112 1 15990
113 1 47198
114 1 63464
115 1 42633
116 1 43973
117 1 20920
118 1 49847
119 1 21899
120 1 56691
121 1 59684
122 1 10583
123 1 23453
124 1 7768
125 1 36810
126 1 33996
127 1 65179
128 1 37063
